$ANSIBLE_VAULT;1.1;AES256
39346136613432666336383330343534656235323561626362613132633663623833373636366131
3937323334336263663430323864336236633137393234320a623962333034636438323432303239
65356339303962663439393564633135363630306366316565626163613138366139633239303936
6332323636366333630a646465663765353338656466653635333763333634316430643233303738
39636431363635306364323933643331383836376230633364623763343465663230363430303737
38626333653639323532623031383839616363383631666130316333353664363932363064616461
64373736633763613533343235323238333831323966653365373830316561316561373339666639
34316562623131393461363562383231653363393866383561363066316363373030613530373466
64366565643037656162353335626130333338306437623131326361616363383530313736633165
30313338643835343736666539653536616332376663353333333464373962303730616233306265
39623064316632623631663365373866356533663536633836326238323030653037333439353331
61663433393865613937633037356631393165616332333539306132666436663236316335363936
39333338386265383665396566653538383230653431613430373762643536633533623233386230
39366266616631353764343438383862343562353537636233396330356461353432623330386638
34643465383961393439326565346330326263376430656365363563646262366133366564323133
31356164383631336666303733656365313062383836633136633830623963613237336632643233
31306132633361313565343337366638343038353131333133353161313936633439333064653163
34386662323735663130373637333031643363353731363164643766313834623564633462646564
62383738376531626435343336636436356262663664653361386530366364383362303531323535
66643132656465393937303165373764643830613365383063613735386566316561356262363130
32336461326138663835613738313061326535663937313734346336636363636238663066303965
61643030376535323463646130383135323263626530366139656564346535393465663465656633
64326130623532333663623136396266623364643761353938636665656462366263316332663062
64353436386536306230623066613136613666353230623761356538336361376235353938643035
31333962366463336633663266633637313231326630323766303632343130646637623939643432
32363237313130623565316330343463633836643632383232303837343338653332623466646662
30643031636463303738363261353166353761656464653337356436383536313136623133653164
31326166393438396364316162663336626365356236383866366262343165653066613635303231
39313035333030333262633765336133326138646436396438343833336564306434303039333637
64653635333436643064636438303434626637656134376631386335653638353065366231353336
66386162393234303965366530633637383264653339386632666562663231363038363637373034
38383332313637383762613066613536366463376365656238646631663934363965303131366636
61613530666436663435633961626661326163383934326533643036333432656234306137333930
38666538393661326537353738333862336431373732383063333430633065623235366664393165
36633763303564623232633063343364663966396630613163623135626431633661613430366635
31363865386361343233636261366165336434643731363364386532666634636331663936386633
34656638656165393033663235643737656230366330343632663732306465383039396431376533
63353366646533616230383165383631393039623238333934333865383732653635623566643436
33353338316363343366366534373839303862393165393737653166396630313530643761366531
36333963396564613230626662323863373937663536613430633330343939393433333130393434
31633231363362376632326264363536313439643466373435383136613062303965316662393839
37643637636463343330343035356431326564386537646633323138316337646332343833613839
37343735333535613932633766613139333365653538666164353938353430346438653062656663
65656439373635643165616439643534623231356432366138326430316239613536363531366566
37616164613339313066633065303832373430653138616266623039323735303765366561386563
34353435613035323736663130373638643634343539303564386663386135386663633333376262
39373337663863333330633139396364643662313763363436326363313365383432626539303861
34306335386432353538383230623766333562316338623730353264626134643834353061636336
35396632336230653165323538616638633166383233343837333139323638303362663864313064
30313666643338373862346265303833313062363232316432313733383139313737626362383866
35303966333231383536636635393330373538626530373339323236363030623336633465326336
34353738346236393264666438363634353337343935306161363535643666656362663832323032
65343166306539393762353933616435363566323938373266616362616531646538373666643864
38326162636331316261333034353238663632623664633934336334353436666133353437333437
37343061653836303935383636386439623630653131323237376566623130346632303839623531
30373463643636303336633231613166626637356438336561623936343632646262306664366330
36326566353264666636353337386165326638613839396532613436393662666162323330363533
62333961303538646433363537306533663361633237643632616532623662373633626430623439
62336639613064653137623665633261323132313662386666616139613438326636656139333337
34326231663861653930613865346436663033323736643831663334336432366665656464343665
36356235343434383935323365383930326136313436366138666437653463386139666639376236
65646461356537383161376138663966626638376166303238353065323537303633633766343861
65626461323562336235366633323965323136343930306237343233666238313831633664353937
37666261386435356362356331626163333964383364643333653834306664626539666438333234
31626564383637333935373931356336623333313435333735396230663537636432373230316639
35306139656536613839323861313962636537623033326364656233616138326631313637613237
63623432636233306534356265353761343738333130633533333937343535303335613264623035
62303339343534303031383332386135613437633732616562343365363037633032633233653865
34633365313363623964316561346636383733326133623835373330326333653736643364303938
66666237306138303432343935373861653562623331346562353237616439313634356464666661
65616238663538386263386561383834376632653666376637343830663830343965353130663836
36616135316131383663326533663566303135303331636362383739633863653132373335633364
33626134666566363763643038633564313937373736366437366165336231353339663461373962
64393639653832303261616635653133653033316463623638656436363465323361646539643433
34353661653165353330343564666438366337333061613566376636383630663337323638616636
64393762336339376639633539356236653035623861663431373461396331343433633361623135
61646161646633643338643238663935323430373238363766646336666135373064366436383266
38323631363731383330306361363034336330393461363364326665633763386464323635356131
30333937636361336364313835626466323366316233663831346334376162333363663736623131
36633461333564333438393733653763616432636434323864313437613231353138353765663631
64656334393464623635343161336264353261333063373939386632343237633262363262656339
36623361663238313934636462656161653532656133626538306561643038613864643037643431
32613733313331616630343730363331643734316265653331373039396661656364346636373333
37643162613766323337356565376238333165636131313862313165326334633366666433663631
32646565303163666561373539363864396130353431363066613932326631663666356265656466
38633565626661646132656464313035316133646532616532643166383165313433623632653666
61663961623434323434653264363862666134356233363464356434376631363032373663343139
62336533616332373062313639373761366138303432373763326266666330393035326532323534
64356465656161306331613662373264306134353836616530303061313434643163336530386438
35626266613464313135306135623636613439386663653336633139346261386637323037343333
36363331663131646365396331633365353462623265663464646538326439316638326132333838
35313064623239393732393830323134373237663431323430666436366637363364343263393639
65363139366265336463303134393336376633356430663061316131356535306563343833316565
31306234323661343933336666393837343166633337373465353363646433623163343836336636
31333932623463623830366633363962656637393065646130323264366565353831313235393732
33373362323965666234643932336231333135343036623737313563636334303039646239363132
61663731613163343863663435366165623762666439653933303137613838333932306434353036
62383864393035633534613065373564333166393235346362666561643531323763356533646463
36616335333332623364373634373164633361643038346531383835633332346536363963653666
65663762363062366537363135393838363736623464323136666564626439636463643231613935
31366332393539323962353263363537353231303566656133363463346233333937366236626161
36396462313436623934636232323338346563613532643262656431643366396634393839363435
30346338633563343333386131393235343765383062613332663965396530376434613036613164
33343663323666333039303761356338343161313533623937383034336266656233303236646132
33393635663765356337356338333235616637356463666165313164313739353164316131626363
33323261633965336162316365343961613963343164396135653064303631643330313665636535
34316338316236393030636162303330353437383933306639376562366637353533636532636537
37306134616434636236316332353330343966613265353333313333313731666639636631373037
37353363636134383032393265353131313838623565613135333732613135333536643261633139
66333564323862333735613439356565663266313130356235656234353532646533306539383432
63323134326334643265633535663962353666653330353235363834653064316635383266303262
65306161316365353362343862333264653262626632346539623033666662386164656631353762
65366431313163343163666530396566626635663631316536633830393335633361313532303866
36643662616335633464613765623561353539333435363339376438356437373337656130326464
30363432653061306539386234326666386562613539616663376466366637616463336261353266
32353239613632366136353636356365303663333635643834653739313835313465633166656130
34636334316136653030633937326232646534626430313533326133386636333639393134346265
33633564353466316339363937636663613638653835323238333561356363656434326465326134
62303666616433653161393133623137373362306631613031633434373164336636346538303266
38663330633962666536323765376664623733366361333564613332373164366465636465386466
37333434663662396630396461346461353764343133396531323565353766363930663132313463
31303365666664323266353139333163383362356265306664653861343639353233633336313466
31323461303463356639323966616264336136303864636230306666333865646264323061346230
66373331323166383132323137313935333230633838326166383933633938643533613631643033
63333166306461623661613862393035363662383963643166363834353033363434376363333236
30653066396430323037353565373636376363633162323566663162626139316362623330353638
63373563656265376633383834646439653664623433633332626134613539323037343064323938
61306637623263656131613834303061663335663130663965616464356565643730356631326265
32353738313431346263383563313036393161363735326561623839396461653361366539383666
33313437666235363962376562383764656166373139656361393063313537346236643765353535
66633063343963323135303565646363623731343334613936353466653433383763316134316266
39313837626430353934306230386530366536363433343634626135373464393166636461623137
34623838376135666439356434363966633135353333393232316337616438666461323936616537
33346333386335346664646364363566353437643066326234616533373830616566643361363363
636433616166393235373464316235346262
